# n=41 points in 3D; r^2 = (max squared distance)/(min squared distance) = 5264482618279745578827857/499999999998953690489257 exactly
# x y z per line, each an exact decimal with 12 digits after the point
21.825470574380 14.162723191761 0.837385377623
20.974382870815 16.554636145780 0.576704886523
19.260725677346 16.073879739755 1.383763908271
20.676756808318 16.099671766256 -0.262596096609
20.965988580642 15.061469770277 1.493491419235
20.066431933024 16.520204188757 0.994364478656
21.218628561488 14.852371115287 2.438187556921
19.026796971650 15.526095492638 0.580514395814
20.877720467627 15.857686301966 2.324641552986
20.482492623894 14.181645597410 2.347461810569
20.538247133594 13.621878515941 0.180157456248
21.948618395473 14.904734202300 0.178405655325
20.045474971026 16.285709090354 1.966255858682
19.539579156958 14.513258367490 2.316685771355
20.855641642602 14.393164910620 0.757833776154
19.463311097989 15.500610291758 2.177691667790
20.096243085706 14.492764314596 1.460917401310
21.734779886217 15.535993661636 1.922195285561
19.657261542703 14.057994208358 -0.083792298572
21.131060813311 13.455104258069 0.968039609905
19.752854005900 13.597430080111 0.798671731716
19.199872303670 14.050979709100 1.497602322721
20.212838588723 15.287344637436 -0.616014434151
21.694576498144 16.084962092494 1.087319636432
20.936275117580 16.517252143009 1.575278987670
21.551970446721 15.821592400050 0.133223247591
20.696480149952 15.576015220178 0.589105031454
19.074833775969 14.487244042340 0.606513775980
21.277522765042 13.763655018178 1.907904134787
20.513944466232 14.338971585498 -0.516396138211
21.173866738181 15.085040493934 -0.427605492030
18.977989720381 15.024594788541 1.444293821370
21.885563575018 14.543667314324 1.760028540909
20.273056682927 15.119572071007 2.623922507155
19.346257462081 15.000276266141 -0.207812399430
19.999863640247 14.860538873006 0.536010445623
20.070694865411 15.487737433059 1.364088779641
19.771050274930 16.044339360921 0.159194667249
22.197864296971 15.220867496201 1.093794218218
21.372967920414 14.120577724835 -0.053381206714
20.355626954546 13.536235918925 1.594234455212
