# n=36, 3D, r^2 = max/min squared distance = 9431799542468013300045427/999999999998222799126717
# coordinates are integers / 1000000000000
30.249607178672 26.918145123344 -3.599509837579
28.757588008399 27.773453342257 -4.338343867800
30.071113809945 27.258262854074 -4.522797466958
30.472793766258 28.529495208724 -2.902518182817
30.849406973058 27.575051925536 -2.677616813770
31.600515052427 27.294872001670 -3.279795207964
29.036823399562 28.623566639617 -3.891874408629
29.579575581534 26.232526140493 -4.184491380955
30.928388138860 28.946723434134 -3.688873303342
29.939080833554 26.454301508252 -5.102636623595
30.379106507139 27.274164788150 -5.474053282692
31.100743075086 27.809008488178 -5.034527537892
30.546989479714 26.092842040909 -4.395675428484
30.378864281586 25.942657702800 -3.421417463497
29.344900709705 28.518958301670 -2.946281754994
29.146701165696 26.943689240275 -4.738446961866
29.931462212771 28.974798050196 -3.615726096807
29.508039203059 26.380602584768 -3.198106104703
29.898577156564 27.821948666858 -2.490628420570
30.945063396587 26.616828736231 -2.947168604926
31.641178967894 28.379902851695 -4.101963682519
31.285360110188 26.531721953827 -3.883627350575
31.036760601962 26.824685387823 -4.869520934307
30.072760011770 26.837441990475 -2.510801102828
30.823875414924 27.724595597161 -3.740412733616
29.158603525281 27.195627980495 -2.735906676518
29.444591403326 27.623936838504 -5.408166762551
30.878438780651 28.708700296908 -4.658847554422
30.219569310489 28.233745712411 -5.242207789571
29.698266043807 27.741847438066 -3.467080801002
28.932575812348 26.972868621697 -3.762076695649
31.602567588576 27.395691453645 -4.274697828927
31.408670037372 28.265719984700 -3.136095228685
28.712349265967 27.853506515593 -3.342580368960
29.330921410023 28.430412540874 -4.827928816439
30.113322276102 28.217319190511 -4.242744991654
