# n=50, 3D, r^2 = max/min squared distance = 12250111597243743080444632/999999999997118261235419
# coordinates are integers / 1000000000000
-103.523657332282 562.752557522923 -352.369324198089
-102.743100005779 561.212499449696 -353.217910902765
-103.929576326361 561.112692617977 -351.489092560013
-105.431736717226 560.475287141047 -352.065497779915
-103.591280229301 562.576520841996 -354.174442645788
-103.530665059711 561.735674195749 -354.712311327448
-105.017881127843 560.833330811277 -352.902473455395
-105.898166460113 561.349898084616 -352.197781536814
-103.690948940671 563.061456390253 -353.305590723991
-103.959052591100 559.853689470968 -352.691262925030
-104.443081195856 562.865120637274 -351.992509516346
-103.581081611078 560.161960120697 -353.777423961595
-105.458405047981 562.888788882980 -353.369738353764
-104.959043872696 559.857164259316 -352.693578648762
-102.887536950431 562.054639870848 -352.698355823796
-103.671864363648 562.061723971750 -353.318662461187
-104.381076367065 562.004959254153 -351.486270643683
-102.932481480486 561.168568728959 -352.236990544727
-104.197997012269 562.020927145363 -352.469239095007
-104.642107223758 562.292697048205 -353.391327654758
-104.557909478303 560.705070280522 -353.781094715022
-105.191901134973 562.441221970179 -354.223353912969
-104.457472126711 559.737254893267 -353.550344385450
-105.926475401703 560.896231705167 -353.991822177553
-103.720387639379 561.064185181062 -353.369277209889
-105.347471475653 562.056787158117 -351.738053014923
-105.368131659468 560.108406107715 -353.731854692075
-105.365837214263 562.826672081729 -352.375971429801
-106.064039057200 562.202343260232 -352.726296577581
-105.171158045476 561.483441799730 -353.646692434738
-104.925947924360 561.169086148338 -351.552837429885
-103.442075271448 561.921074001614 -351.819797564393
-104.444878446189 563.065435959856 -353.994631379029
-103.154690918010 560.952313697394 -354.217346910153
-105.481609428096 561.558905815449 -354.594281544722
-104.468456428133 560.251808422602 -351.916674572558
-103.110236526456 560.334022953740 -352.912149850245
-104.356762523653 562.297633433183 -354.754320796988
-105.149396356456 561.800289950115 -352.684084425311
-106.240872349207 561.307551505589 -353.136269384804
-105.163156161380 560.611239046408 -354.571583267836
-103.477632727047 560.369705743127 -351.982770073010
-103.997171765861 560.571304291127 -354.598211523028
-105.910784921508 560.384533568135 -352.938582315901
-104.140029648683 561.022631149197 -352.462539184623
-104.562345582325 561.332490277325 -354.916290839548
-104.609386362865 563.178072996449 -352.927604919133
-105.972288584510 562.078100882053 -353.714297428909
-102.910514097840 561.882012936646 -353.941598827613
-104.239323608299 561.623462703852 -354.015739979631
