# n=38, 3D, r^2 = max/min squared distance = 9830375754368541052815021/999999999998007567116714
# coordinates are integers / 1000000000000
564.228914528721 514.137822170751 -72.640512433298
562.736228528786 514.950259704324 -73.685095796765
564.389789111550 514.243476248473 -73.621815946214
564.709405559191 515.661999177541 -72.036164978421
564.959415761927 514.701661640181 -71.760931138562
565.527240383002 514.242603263985 -72.444188489013
563.058549271274 515.629931403651 -73.026190856659
563.590518453481 513.385270825031 -73.507651720095
564.745277944210 516.227402338216 -72.860199224003
564.022930812469 513.692547136655 -74.377187582995
564.741896204670 514.365832530955 -74.549743494631
565.333328109732 515.021984911229 -74.081051318960
564.570862816751 513.260775995605 -73.660707157275
564.189150258830 513.143969596914 -72.743836507538
563.241573076244 515.446303590328 -72.029216661305
563.173824114919 514.111097450906 -74.054955600386
563.805787166862 516.089821949340 -72.546465713080
563.447615003408 513.626532088797 -72.277726106030
564.048767770053 515.070252331105 -71.574219763816
564.870099704329 513.554189080952 -72.137183536234
565.412258572650 515.608399988009 -73.274895416080
565.318250473035 513.456425925369 -73.025779762829
565.366070670847 514.026422890274 -73.846033801941
564.178326073068 514.081097116637 -71.643405078802
564.890119819081 514.812275527897 -72.969024583811
563.270944243619 514.477503427222 -71.783119976050
563.781456261006 514.619164358567 -74.665407230232
564.706835808404 516.035173020579 -73.840796027809
564.469538060982 515.327023969212 -74.505788283492
564.022914019002 515.114037252356 -72.572926159224
562.833973175112 513.840170947233 -73.037859084351
565.835022873383 514.702163503782 -73.277299720850
565.556473286326 515.238377827692 -72.357134163230
562.774475669037 514.771038880393 -72.600038510657
563.443025420607 515.436424729681 -74.198984619209
564.178778161568 515.218683649938 -73.555145839608
563.755922363290 516.124819365347 -73.544608329262
563.522748685818 514.541273214329 -73.222368994448
