# n=46 points in 3D; r^2 = (max squared distance)/(min squared distance) = 3816844285267383661606251/333333333332748524522017 exactly
# x y z per line, each an exact decimal with 12 digits after the point
0.388458565817 0.406080698940 -0.618525544408
-0.500838826667 0.239129705681 -1.950246814448
-0.433461280894 -1.840781422954 -1.216717392068
-1.323960057208 0.490929916383 -2.459234136219
1.692993661807 -0.241415985080 -1.849066583482
0.479075270772 1.043897881154 -1.383363994576
1.007996723458 -1.167588915286 -3.262506819797
0.032176298951 -0.263850067983 -1.269874693365
0.147052610304 -2.122668103477 -1.980617595936
-1.664770285174 -0.284923249701 -1.928291339685
-0.338965987523 1.225713225732 -1.929030266397
-1.279806450124 0.439087916039 -1.355918491282
1.595055098499 -0.494072779364 -2.811652985900
-0.511468891337 -0.004474988445 -0.471642599804
-1.320332937796 -1.398816945419 -1.351350466689
0.491140276365 0.161418115512 -2.049938177668
0.411255678423 0.627684475091 -3.371633219805
0.549539797710 1.157057696792 -2.383350982111
1.170047954340 0.409521220923 -2.757923942916
-0.738522612795 -0.720551466622 -1.800185275938
-1.466475462663 -1.184628400001 -2.317148390396
0.067997582138 -1.148357843486 -3.603141198855
0.382120662175 -1.486354841725 -0.759324899064
-0.425630589337 0.831093204311 -1.014282057605
-0.484155556886 -1.004937671025 -0.569287328076
-0.820351033909 -0.691149416164 -3.560747916922
-0.005196581459 -0.169875658266 -3.813328375347
-0.205913372276 -1.001243506576 -2.598645904662
-1.240074744311 -0.480219977722 -0.964390218967
0.949477402948 -0.202407389861 -3.517458015334
0.962173479379 -1.765396746544 -1.524618531997
0.648842914471 -0.553918302049 -0.515559972121
1.578233980824 -1.207441723292 -2.080636203108
-0.904281838654 0.281087056103 -3.342317465731
-0.384170689476 1.015058631605 -2.905545077802
1.309777820384 0.681226160814 -1.805741192508
-0.821397782449 -1.926570866399 -2.134402219313
1.329259210340 -0.910123891720 -1.158891297675
-0.106317307868 -0.032989576654 -2.827916380620
1.246094983652 0.075606675025 -1.012539115646
0.146646519917 -1.169520854610 -1.678111138042
0.735767184098 -0.753549235193 -2.370862503883
0.036667909487 -1.905337217967 -2.950453924411
-0.903443595531 -1.551420770727 -3.057728212813
-1.516361258976 -0.382623775568 -2.912379429333
0.937469065890 -1.835744062149 -2.521835131910
