# n=31 points in 3D; r^2 = (max squared distance)/(min squared distance) = 8200481057395499748934616/999999999998042022637869 exactly
# x y z per line, each an exact decimal with 12 digits after the point
0.465280536170 0.231438961903 1.316233189447
-0.169812934080 -0.031505818425 0.303106827551
0.072703799945 1.321364435321 0.528332132922
0.828003397005 -0.673620989957 1.094200287004
1.678313003310 -0.516556391446 0.377060431249
-1.096089896462 -0.035193541296 0.679932237605
-0.558326500124 0.822292146633 -0.808439202302
-0.330777372396 -0.367753007701 1.231022921442
1.672079956441 0.543833152713 0.236158015029
0.294823155357 -0.844105977628 -1.332281190685
-0.536987673611 -0.590712260448 -0.838436712225
0.865356607178 -1.062151415506 0.173521816465
0.954039493890 0.940551056205 0.808025831214
0.310031393399 0.674169421679 -0.218210615941
0.828962962658 0.013327073775 0.324004671231
0.923102348072 -0.066145092780 -1.325791379529
0.358999656604 -0.281691807371 -0.507919814964
-0.038163243471 1.587540048159 -0.429195434208
-0.056639076787 0.134011119575 -1.332442023914
1.237833245797 0.842859352118 -0.728011987067
-0.776273325973 0.942353753418 0.160108365801
-0.415992910458 0.608347253848 1.031106460197
1.506122557579 -0.096382601497 -0.513896602866
-0.039597597005 -1.085386240107 0.598395952249
0.884330470955 1.472282653257 -0.036013362673
1.123524228592 -0.978407871390 -0.788941948085
0.099072131642 -1.251748841737 -0.440368172474
0.355021943294 1.028766141194 -1.159385224471
-0.851038824149 -0.802320790386 0.087086763925
1.437418586961 0.119062356538 1.110517101669
-1.033214393018 0.097540610144 -0.309223117286
