# n=44, 3D, r^2 = max/min squared distance = 11078702812220011235806378/999999999997904649787185
# coordinates are integers / 1000000000000
-55.289318307782 -173.362338247778 46.393960474927
-55.510157198746 -173.652672510447 47.354669758815
-55.097219593610 -175.548867270764 47.575279732057
-55.652565735416 -175.421432821410 45.818548250991
-55.009397601205 -174.289684831852 45.990719064835
-55.712604508335 -175.640534346682 46.792401354580
-54.698353530330 -174.079014087834 48.392807794176
-54.253837101958 -173.318900212664 45.614780159256
-56.061339331862 -172.882767301431 45.936163265615
-55.180341824909 -172.971026570164 45.471347501872
-55.664328459464 -173.828925808065 48.326866239702
-54.359170735095 -173.702484014279 46.532259473938
-53.860600328002 -172.874891861217 46.790171818275
-55.812238270572 -174.210484822153 46.581628717891
-53.542416779076 -174.688727842886 47.149521624877
-53.527115526397 -174.196176632964 46.279372685172
-56.501042734583 -174.893810719510 46.823732266728
-54.140028841994 -174.305373409689 45.496804265469
-54.058087613565 -173.199124372817 47.715305349427
-54.623923343193 -172.590626526596 46.210058731013
-54.959724277110 -173.143246032039 48.144174721128
-54.729313872949 -175.113298278444 45.497551754728
-55.364303419706 -174.809211424567 48.240090426901
-54.231792052771 -175.410970195433 47.093595636230
-56.343788623791 -172.909324305143 46.895077820225
-56.729002164024 -173.950245506727 47.063980446229
-54.410457591891 -174.937610261840 47.968627951878
-54.001261075146 -175.071197450650 46.181778795929
-56.552176252422 -173.737912348768 46.102914773646
-55.652806633530 -172.689787581976 47.583806733744
-56.323649573951 -174.681372843687 45.862794279406
-54.709412479367 -172.582012833795 47.250561255611
-53.807581021212 -174.140203844640 47.942496623248
-56.044690589219 -175.236676901330 47.644820264927
-55.097899506329 -174.854331098001 46.855822268100
-54.638487351923 -174.141758053206 47.386086474149
-54.826550057150 -175.659978726882 46.329228141178
-55.513974147047 -172.417347086484 46.631702896385
-54.930900076048 -173.856963300896 45.080329697845
-55.556938238182 -174.623515917814 45.223414655292
-55.872189503375 -173.686135938379 45.371520745473
-56.364467276404 -173.362508904110 47.786254633538
-53.410978894457 -173.697466657094 47.138325910143
-56.416210273911 -174.351500535631 47.924884410246
