# n=42 points in 3D; r^2 = (max squared distance)/(min squared distance) = 10695080375483048574274553/999999999997943465139345 exactly
# x y z per line, each an exact decimal with 12 digits after the point
-2.401381948722 -1.628371574645 -0.826715123489
-0.995400027020 -2.285949508368 -0.627176016729
-2.400982836285 -0.171141618526 -1.236260901386
-2.089452653959 -1.055264670561 -1.584507041868
-0.555254137842 -1.755373497668 -1.351579697772
-0.770904821154 -0.564928636949 -0.866210876095
-1.368706258279 0.616532954607 -1.328511559341
-1.917357266403 0.715034305042 0.288886959207
-0.132398178812 -1.683100111329 0.502044243845
-1.859205456684 -2.125775057293 -0.149489587252
0.401498803031 -0.889990073011 0.208905232626
-2.487998989698 -0.618821324383 0.689738779080
-1.845282693558 0.061372178703 1.042233546468
-1.239008302148 0.967454804144 -0.401132297284
-0.906575963612 -1.492951041862 1.105776045976
-1.044218195890 0.589890221437 0.761227587313
-2.783494246905 -0.756229663495 -0.521168599385
0.165515898724 -0.096677287899 -1.081921579680
-0.928786754335 -0.244813392891 1.299693425161
-0.448577564466 0.680068892628 -0.942083854070
0.307492920043 0.055205694118 -0.103773285610
-0.638057347614 0.022951749439 -1.671668990915
-0.366924583667 0.777405413582 0.049812507661
-0.159593393962 0.123880146025 0.777767521683
-1.549550040576 -1.861714245857 -1.343375852332
-1.524417180738 -0.774813578654 0.306708060682
-0.183244516179 -0.865969889767 -1.617229963426
-0.090732439837 -1.887572137752 -0.475941009932
-1.595538818096 -0.220222029653 -1.826897038789
-0.572317595322 -0.500028091084 0.111752746388
-0.936209298459 -1.355291528777 -0.258492764681
-1.126474001609 -1.103088526715 -1.849808745406
-2.541352518332 -1.458121010364 0.148694013748
-0.151219361492 -0.840863879330 1.040824247735
-1.815703267329 -1.744938608439 0.774128926392
-1.687961836220 -0.895560427481 1.286221527872
-2.638414082931 0.086597531229 -0.002907983617
-1.731641642344 -0.904038595352 -0.663039660691
-1.001987428071 -2.157331165768 0.364496271930
-1.414189851394 -0.014772884315 -0.333751252765
-2.132310614667 0.617228033462 -0.682827500554
0.334320795828 -1.034406626340 -0.778328769257
