# n=33 points in 3D; r^2 = (max squared distance)/(min squared distance) = 337207718731112617442875/38461538461472395797341 exactly
# x y z per line, each an exact decimal with 12 digits after the point
-0.892886378970 -1.878052655184 -0.588694465267
-2.347275678520 -0.033669052189 -0.857830651652
-2.016674979068 0.641335346289 -0.198230591345
-0.025513573022 -1.452185811791 -0.846185915999
-0.076089509114 -0.888975874484 -1.670950513449
0.335343021620 0.318731161977 -0.741650091504
-0.476400557179 0.757142548134 -1.127484017910
-1.212267932559 0.537134887986 0.386638255506
-1.654353019978 -1.738402386885 -1.221676579703
-1.803902610788 -1.664951547470 -0.235654321294
0.131929583960 -1.314940022721 0.131758482063
-0.477103282023 -0.943240552220 0.832414226193
-1.593049771456 -1.035502654264 0.512232816574
-2.290083278952 -0.966534549514 -1.213486374693
-1.039155403919 -0.781517690761 -1.917844865378
-1.835430090588 -0.218410434639 -1.696809027848
-0.330350941320 0.647380300452 -0.071693905262
-1.672658038833 0.626723096166 -1.187638551214
0.550187168770 -0.639091955623 -0.932482132384
-2.010031831460 -0.129568389897 0.438686434746
-2.320387791288 -0.808704512108 -0.226485201531
-0.407661377579 -0.354490209239 -0.891772155602
-1.150787573820 1.068781427011 -0.458093727452
-0.831454544521 -0.813628118052 -0.096693711634
-1.332152278727 -0.827319800712 -0.962207615381
0.334473854413 -0.343571408412 0.007585885879
-0.712359024685 -1.650174859949 -1.545502484042
-1.224579954137 0.062933531096 -0.493775317864
-0.940340522752 0.209103984118 -1.823482179327
-0.271481594107 0.027837438964 0.711058317819
0.046534619839 0.103470878278 -1.674523457681
-0.895238036943 -1.743278725171 0.402179117737
-1.187470261144 -0.257901561901 0.992692806553
