# n=32, 3D, r^2 = max/min squared distance = 1211653193022930880933118/142857142856833338472043
# coordinates are integers / 1000000000000
0.674824760515 1.128939404904 -1.121301448046
-1.403247409019 0.405705276257 0.786608613912
1.035351628445 0.253921409727 -0.798247450055
0.883444399835 1.557291213607 0.543728418791
-1.120096412032 0.419820684337 -1.104656549113
-0.228587749950 0.630614889306 -0.703685093042
1.232295847278 1.072113031174 -0.258085025165
-0.134332975109 -0.836400524807 0.603511963000
-0.213152311994 1.578174479002 -1.022891250926
-0.671227431589 0.958515656163 1.184788769760
0.577391789295 -0.165940574732 0.813109947434
0.467134708075 -0.556553675793 -0.940583907634
-1.201161287864 1.290590605652 0.366919260393
-1.075512723931 -0.505270183443 0.536181602562
0.303689047029 0.749087462793 1.109438311615
-1.526203613120 0.531967581327 -0.197738683636
0.298600131096 0.272234244313 -1.474163030022
-0.463491388382 -0.324923992574 -1.223926030245
-1.105797865907 1.314176872163 -0.657529541569
-0.293151019879 -0.930434935032 -0.409379224051
0.323475243130 0.019804892461 -0.136113424065
0.144655248813 0.989406286693 0.151860579050
0.515892494163 1.761787739909 -0.363512876217
-0.060146624089 1.676945686116 0.852465826273
-0.619494288956 0.303048814647 0.156484974150
1.187332410656 0.611930686089 0.661819696584
-0.370081069383 0.010744536452 1.079713686253
0.632323755377 -0.936933340327 -0.030625727573
-0.439420266329 1.770747658691 -0.068051796722
-0.461177978671 0.882871382461 -1.697455460332
1.284264834188 -0.184748175878 0.065240367272
-1.095445395697 -0.334821597058 -0.448983342001
