# n=39 points in 3D; r^2 = (max squared distance)/(min squared distance) = 5047328272223173881552793/499999999998671197743773 exactly
# x y z per line, each an exact decimal with 12 digits after the point
-2800.900374415616 6348.275200514930 812.080146476917
-2799.614156678864 6347.090047425004 809.706459122822
-2800.415982646522 6347.220873933444 809.122374237875
-2799.170759074384 6347.610076096246 811.032292504126
-2801.306906151700 6349.297435952859 809.829441686226
-2800.500315564878 6347.875516706857 811.255400595138
-2802.000567548734 6348.868421705509 810.408044003743
-2800.476079299758 6348.744958207988 809.206339319768
-2799.811345310022 6347.244119381026 811.707366542507
-2799.826138568181 6347.997481359230 809.343654308056
-2799.653140071531 6348.229928928409 811.651235991087
-2801.914760276146 6346.919959877886 810.224431739661
-2800.925489895012 6349.470661154312 810.737469587072
-2800.218346598765 6348.441198216188 810.480482578734
-2801.757953712676 6347.461686879013 809.398633000316
-2800.489571668256 6346.616294450328 811.325470138503
-2800.255466056192 6347.446365067613 810.385988386442
-2800.780768878574 6347.283562988458 812.011004151318
-2799.523498285636 6348.800280122445 809.857388680239
-2801.278461572976 6349.049756553505 811.573083320549
-2801.172310278915 6348.449584384576 810.780287463842
-2799.651933245444 6346.764834955796 810.799829966080
-2802.028099042171 6348.409416979714 811.296051142547
-2802.210557355412 6347.922110188499 810.162282343054
-2799.150965116830 6347.896342717634 810.074346983377
-2799.932750508132 6349.319265545884 810.864452157655
-2801.114039941694 6346.740119677909 809.653026061997
-2800.925612294658 6348.018027574626 809.912590037115
-2800.265832818420 6346.432167524541 810.083967064063
-2801.043618123015 6347.972781038448 808.920608497247
-2801.719327480296 6348.457972698133 809.475591305861
-2800.293798151532 6348.992837119858 811.738001859662
-2801.208514976262 6347.454446006464 810.688696916848
-2800.318963662343 6349.399829383267 809.945567579690
-2799.265449419766 6348.577494429884 810.797482993600
-2802.144365644770 6347.449489364375 811.041058886918
-2801.459946579912 6346.833549221556 811.431172055272
-2801.133625743628 6346.397727233969 810.592378930037
-2801.688742630399 6347.687309010417 811.898875583382
