# n=48 points in 3D; r^2 = (max squared distance)/(min squared distance) = 11866234065192868451889299/999999999998444510877385 exactly
# x y z per line, each an exact decimal with 12 digits after the point
-1.341322848077 13.746699846691 -7.345100169515
-0.669377589359 12.317407335481 -7.955413316376
-1.508425002388 12.281851941219 -6.571928999416
-3.326992809466 12.062790006218 -6.717565453248
-1.323162481232 13.489023326489 -9.129360759029
-1.747872131739 12.669433101397 -9.513930096990
-3.054245238423 12.174177128268 -8.148619917435
-4.036476367272 12.564154275518 -7.271311107238
-1.387097461184 14.042806000758 -8.299157730838
-1.936230836863 10.984977830819 -7.529349388939
-2.139873861208 13.991355520019 -6.795136642601
-1.900236065365 11.030842105764 -8.527648364551
-3.258328059451 14.140200462589 -7.932912448676
-2.937606420522 11.224341517444 -7.098855856719
-0.760820364699 13.310229937455 -8.032494441475
-1.672328827983 13.016366715832 -8.320238647912
-2.568950869372 13.250463933690 -6.278442750270
-0.859233426258 12.892984993754 -7.129044649693
-2.190680726136 13.069054726280 -7.186188528670
-2.507360831367 13.488135347948 -8.037120455144
-2.090468975484 11.995799678933 -8.346904562744
-3.199825238625 13.835365048868 -8.883518986891
-2.783598468516 10.996243498068 -8.060236553569
-3.511414589631 12.208500906115 -9.074828052040
-1.588781820593 12.366115688243 -7.565127067631
-3.500859873788 13.036653021540 -6.571411180880
-3.590792856026 11.401985532186 -8.488967964271
-3.113279702103 13.861180065864 -6.983645051026
-3.934611100667 13.409098296656 -7.842741105488
-2.545611942822 12.789132711174 -8.751215803298
-2.482985227406 12.256046086131 -6.217262256175
-1.514863643824 13.277523883867 -6.479214779801
-2.289085702280 14.204983396113 -8.699302336401
-0.988289178517 12.543665221960 -8.875795175773
-3.161974393772 13.045590344187 -9.495747072975
-2.070654352438 11.459513590149 -6.659437823561
-1.082813987828 11.606765065000 -8.539219543390
-2.280064692803 13.510712934730 -9.418959996570
-3.131332470033 12.926235867853 -7.494047376813
-4.044241632260 12.287758863497 -8.232323738202
-2.718248564631 11.389492485032 -8.977343212750
-1.081837439490 11.504384363798 -7.544474732710
-1.812651366188 11.703833484876 -9.262094771112
-3.734999521876 11.646471952983 -7.530098407152
-2.519746027676 12.108929017892 -7.305973326150
-2.630271672249 12.200759983193 -9.555361476159
-2.139227869772 14.363369451391 -7.723363563973
-3.869506180395 13.098495535096 -8.791048689486
