# n=45 points in 3D; r^2 = (max squared distance)/(min squared distance) = 11245948579580555900990405/999999999997690809526757 exactly
# x y z per line, each an exact decimal with 12 digits after the point
-374.854140475829 -1183.631764726383 317.984254958003
-375.292819773805 -1183.895070411399 318.843458420383
-374.641257881300 -1185.830102402936 319.179273836926
-375.693291789934 -1185.588312189714 317.623739317703
-374.913203681010 -1184.568133427073 317.638241671896
-375.344196334644 -1185.966340469362 318.481193096563
-374.521988233828 -1184.147229748943 320.041786317469
-373.767527047645 -1183.608178035390 317.277417242417
-375.526520791551 -1183.048565529736 317.528422304434
-374.699581134040 -1183.332057620641 317.042826755412
-375.425178457844 -1183.764045427328 319.848351070143
-374.135237547325 -1184.291730217634 318.202484492543
-373.552153037888 -1183.474070688035 318.248191739316
-375.593763117300 -1184.714779961299 318.356109102328
-373.290884835843 -1185.124596726197 318.324692380089
-373.232669288549 -1184.293286719619 317.771940516216
-376.262684437909 -1185.417160844762 318.599430620862
-373.823941866023 -1184.571369459382 317.014587166100
-373.645214303203 -1183.535517221932 319.297582048844
-374.219444223977 -1182.882298528596 317.795943815847
-374.537313762469 -1183.234168074017 319.634252875955
-374.620806228624 -1185.233601749679 316.943297178754
-375.367676694168 -1184.757078097198 319.951208562551
-374.021186462638 -1185.908869756710 318.398692553691
-375.966369151216 -1183.177227532226 318.417230219348
-376.508287140056 -1184.332829778649 318.489375263730
-374.443188544280 -1185.128002770073 319.863250914953
-373.844027840491 -1185.418713515322 317.545251470998
-376.294316957870 -1183.776165473590 317.686666342260
-375.414898012326 -1182.979972770917 319.227767166138
-376.273621937366 -1184.773931098362 317.623140960326
-374.162191772132 -1182.843642292344 318.793554888438
-373.663312207004 -1184.472721206110 319.645893917605
-375.578885340175 -1185.526062438612 319.347839694849
-374.715579545741 -1185.189459581024 318.415040191418
-374.528571108272 -1184.486313893276 319.101053300707
-374.731481112749 -1185.883465630633 317.695246649301
-375.043091502908 -1182.715443956902 318.337944472502
-374.722816050460 -1184.269904363566 316.696555726528
-375.554678998758 -1184.876078757933 316.935618664928
-375.599790903064 -1183.877850673476 316.974420823271
-376.202778831316 -1183.723308048517 319.220913324112
-373.167782499158 -1184.236838023746 318.768235276463
-376.163234945250 -1184.714561046348 319.346825100234
-373.744693705510 -1185.356484523844 319.185090868648
