# n=49, 3D, r^2 = max/min squared distance = 12025404244323355805029509/999999999998194364476301
# coordinates are integers / 1000000000000
-4.221181196213 28.147351172752 -16.109284594928
-3.239706752661 26.196918427209 -16.800181046790
-4.111738434417 26.424811464547 -15.418997286749
-5.918068194677 26.047502128627 -15.568474523065
-3.933431404740 27.649236906439 -17.918169558147
-4.210246508588 26.748683683460 -18.253396780881
-5.693280676263 26.388173194816 -17.015881393679
-6.566803046009 26.699222418822 -15.961416956528
-4.091337648583 28.201155036694 -17.099358227222
-4.631289220111 25.037473205670 -16.436513201529
-5.166084900555 28.113599321143 -15.783680844897
-4.700658473736 25.098463914981 -17.432238083226
-5.935395943151 28.243486405893 -16.651430067387
-5.496612910683 25.237955129364 -15.977141991279
-3.514481670439 27.595163827265 -16.551624866386
-4.357076622155 27.217923868775 -17.121618371278
-4.913405342452 27.336486939053 -15.207270065574
-3.374140083695 26.775739488808 -15.995883926221
-4.664961504396 27.232369279825 -16.170304422370
-5.281173180336 27.529141024684 -16.899831462231
-4.769184118081 26.076956038906 -17.237668302727
-5.875864021753 27.927310581610 -17.598260991298
-5.581647263607 25.073072527315 -16.959782763059
-5.988906495655 26.328600664173 -18.080594845846
-4.169794945223 26.438641696287 -16.523584200743
-5.846173658094 26.976023373347 -15.204222585918
-6.266954465215 25.659993471910 -17.390918291889
-6.092679841629 27.738036524287 -15.803030283993
-6.485893189452 27.408709859420 -16.661474930375
-5.134728430190 26.903360242182 -17.665959615613
-5.068399669672 26.351053254852 -15.137289978603
-3.956322371811 27.410280310830 -15.487531953083
-4.920193080624 28.215490637773 -17.658637373371
-3.682941511845 26.110524329587 -17.692413644349
-5.772724150462 27.268821152525 -18.343749984331
-4.644968898092 25.546301570794 -15.553320156217
-3.893424932584 25.458190317217 -16.964294790109
-4.810419031429 27.537565650981 -18.385526202840
-5.616849175364 26.925980490013 -16.176285336695
-6.697992166690 26.426279489363 -16.914460277617
-5.458222506570 25.490515822363 -17.954149989657
-3.762160357094 25.690182908823 -16.000474760922
-4.495267519513 25.756978143305 -18.156236402988
-6.312650278957 25.640254503424 -16.392157927372
-5.077069000322 26.091401449956 -16.286354353819
-5.112935001763 26.437440358597 -18.550518097884
-4.963469233671 28.474915683802 -16.693844224520
-6.427582351300 27.093344810038 -17.608652174497
-3.407243480238 27.011043832419 -17.356176792730
