# n=35, 3D, r^2 = max/min squared distance = 1532263676295923226580831/166666666666354407244020
# coordinates are integers / 1000000000000
7.671261863464 6.624347865009 -0.456242387313
6.323229512113 7.238310528881 -1.375148663829
7.291856960882 6.515532628470 -1.375052032557
7.886789842031 8.025002579146 -0.004370536672
8.055135893695 7.145800871409 0.441346822201
9.242942958015 6.717422377989 -0.744648080287
6.581065566814 8.140911301236 -1.030427886039
6.854328673648 5.622240773719 -1.486269955096
8.425887558038 8.133341033370 -0.839616866764
7.361725087769 6.085649729721 -2.275229314101
8.075317591864 6.847621297238 -2.401454753332
8.551020867859 7.647300740206 -2.035095391911
7.784397401928 5.487474188933 -1.144494987756
7.993856562710 5.715002795036 -0.193517809602
6.894815229354 8.125536877198 -0.081046626301
6.471776867381 6.426870261356 -1.940390537262
7.490820904974 8.485460178767 -0.798843569466
7.044687787465 5.706372477101 -0.508167064664
7.064249353096 7.279416680418 0.424297504279
8.634067003157 6.457184697332 0.004715930833
9.156012591419 7.580809563506 -1.241644739479
8.651869856802 5.929095023167 -0.915447877304
8.253818394393 6.050404511819 -1.824754778871
7.524570980844 6.291598183144 0.475293674348
8.348706742545 7.013037891306 -1.080732979127
6.654456261326 6.464785695521 0.013875793858
7.093740776817 7.036198862749 -2.432203053252
7.937730523016 8.354748040173 -1.683821608813
7.649036504462 7.397326938822 -1.683048084283
7.300658028742 7.504831582546 -0.751879362067
6.405837936811 6.338635390307 -0.946475719500
8.960189711630 6.758227730767 -1.829839353819
8.756283987071 7.425135489789 -0.214680445892
6.360167906535 7.335315585488 -0.380550466560
6.817846011684 7.876355609121 -1.965278305463
