# n=37, 3D, r^2 = max/min squared distance = 4840655678978958000498439/499999999999020323795871
# coordinates are integers / 1000000000000
240.187853901711 218.526409485207 -30.662948426508
238.694805314943 219.356337919945 -31.620495002236
240.064035507510 218.619827520747 -31.650846232910
240.647576408627 219.996878033356 -30.155920515681
240.870707490869 219.068092506080 -29.859998288633
241.504227601804 218.605758055931 -30.513658230269
239.049924054296 220.055245892132 -30.999674313652
239.562709822092 217.764357445265 -31.493826859673
240.651854960731 220.624761301868 -30.934216278945
239.838271246839 218.021921791830 -32.419962113602
240.559847340774 218.707728358459 -32.514816179566
241.165567048796 219.414687792624 -32.063473191432
240.524500559714 217.711022496187 -31.762367285368
240.260209045177 217.540403261135 -30.813136506277
239.099940654484 219.859734818412 -30.020249094578
239.087420648973 218.505811900538 -31.970435982684
239.797226231342 220.431781092267 -30.452170250432
239.402295109961 218.054024185168 -30.263261657888
239.951136419584 219.470256920349 -29.668435597969
240.827976394045 217.983488747268 -30.119367460025
241.360936354980 220.011467875475 -31.282174249786
241.199477669816 217.805852363580 -31.030647942254
241.211992693524 218.435831617979 -31.807159058213
240.085238035414 218.479289750661 -29.669344021023
240.846153882809 219.201275925756 -30.996409702083
239.142192238299 218.889787315415 -29.761534377222
239.608725297961 218.953533672247 -32.701756296685
240.666967465392 220.376493293628 -31.902789770368
240.321721118823 219.678835185306 -32.530546191342
239.746473878240 219.423572587132 -30.646154277960
238.809719760553 218.246074718095 -31.045547442034
241.782896455708 219.106295916894 -31.333295662068
241.534327678774 219.597447406300 -30.388573388139
238.749704893518 219.158935225967 -30.641710954204
239.384011895975 219.789596717290 -32.201254077228
240.124224636213 219.613152526993 -31.552445517713
239.795279461914 220.551368292717 -31.444992042889
