# n=43 points in 3D; r^2 = (max squared distance)/(min squared distance) = 10901921036903804289907925/999999999998056972796358 exactly
# x y z per line, each an exact decimal with 12 digits after the point
-6.783881406596 -4.210859601608 -1.988775077828
-5.461314603984 -4.814134661705 -1.467914511435
-6.797870928616 -2.549548053498 -2.380506487993
-6.627730077110 -3.492495789189 -2.666691145868
-4.946390766329 -4.175279865434 -2.403556188144
-5.293563228895 -2.890028670560 -1.896232466037
-6.022272256354 -1.918634789517 -2.400384941625
-6.341802101970 -1.718655514362 -0.729895777828
-4.696492380227 -4.250446788915 -0.531003548173
-6.391300235695 -4.611768209235 -1.161035799683
-4.059430732826 -3.650767722513 -1.015294240556
-6.988490350934 -3.246769271408 -0.335811438839
-6.475179359298 -2.438150686987 -0.048326116093
-5.758740751564 -1.526152031708 -1.519187783887
-5.353420258202 -3.869783600742 0.119796959133
-5.573829904574 -2.021170044411 -0.165357326405
-7.227439629071 -3.320625004216 -1.885148513275
-4.329315895162 -2.577386943519 -2.175006792731
-5.307379556231 -2.881945823975 0.268312212742
-4.860081755947 -1.776120928845 -1.879642441313
-4.245964088815 -2.236486615278 -1.238609738815
-5.141433171834 -2.296042465989 -2.686192486872
-4.990114683425 -1.663922828118 -0.894501322506
-4.643680916304 -2.370733295384 -0.277733450157
-5.886696464170 -4.504789584091 -2.318417830641
-5.991221941181 -3.273140358511 -0.714405049336
-4.820261960203 -3.241605071098 -2.738732116109
-4.540982484614 -4.373423802172 -1.511153193164
-5.989476503895 -2.768048644898 -2.927092204635
-4.832166660140 -3.016045987198 -1.018033831189
-5.338086280726 -3.860943932851 -1.191794583192
-5.683047691449 -3.719644566629 -2.903289166000
-7.092238611786 -3.902785038666 -1.083393950324
-4.519408471729 -3.351853039875 -0.129543010215
-6.505050230210 -4.121259625770 -0.296411836621
-6.193214218378 -3.345907572645 0.262275068461
-7.089925228455 -2.386439190726 -0.835354347803
-5.994890300308 -3.602856617528 -1.900313755501
-5.634578202426 -4.596050621868 -0.507488003563
-5.629819013801 -2.416356917957 -1.082250207076
-6.688054210051 -1.869215529580 -1.655876965255
-4.228985539688 -3.556545625151 -1.996300542187
-6.460516453252 -2.826227524971 -1.476003093029
