# n=40, 3D, r^2 = max/min squared distance = 10308438910545523500306019/999999999998142882119353
# coordinates are integers / 1000000000000
-14.206826989495 7.259416901399 -3.173695342623
-14.821975321008 7.365232955184 -1.045782141928
-12.872751119639 6.733038742768 -1.353015729829
-13.917259356268 6.372156322462 -2.814642072410
-15.145175387326 7.543204292470 -2.976294732294
-14.576599741346 5.805758310735 -2.315707819735
-13.285829891401 8.402214455781 -1.813568154519
-14.972174599440 7.638312089311 -1.995975787068
-14.994623047782 7.506665878670 -0.071005505670
-13.278000358946 6.878311873494 -0.450425694691
-14.444145949961 8.307329187661 -0.307465291701
-15.364782425021 8.601488970782 -1.718769185899
-14.555038594889 8.804267091721 -1.168136855544
-15.309513518077 5.987210888858 -1.196396167618
-14.173077470704 8.770237277097 -2.091688516973
-12.797519101651 7.538815950172 -1.940436563216
-15.338479738481 8.341277795739 -0.753575778823
-14.030480329741 7.149269756106 -2.195549411804
-14.036754822301 8.208213202181 -2.907497976802
-14.117673214002 7.911540996646 -1.554191511112
-13.912187997882 6.986655384777 -1.215976295360
-14.711928457046 6.613934792173 -1.696505399533
-13.008835135427 7.726802545688 -0.981266831743
-14.378873980653 5.653834748862 -1.347294811300
-15.277175436470 6.611573457800 -0.415931158165
-14.153027075471 6.974962251477 0.023902198021
-15.488104255712 6.186411873820 -2.159943943300
-13.648927291912 8.489156658193 -0.885882145579
-13.319760441526 7.520595324950 -2.793039631321
-13.543856475062 6.083406122652 -0.995811221453
-13.095875825196 6.665466285642 -2.325460755940
-15.900581616700 7.760369552267 -1.645030797020
-13.641702055790 5.904475150213 -1.974795363017
-15.876114673628 6.771822593063 -1.448085667107
-14.893874359067 6.582299790494 -2.860060781668
-15.761050683872 7.436023241533 -0.709439759495
-15.824149240908 7.099350490992 -2.391497067230
-13.601648599095 7.784419488629 -0.177990736505
-14.961626362796 8.460525036109 -2.622978430826
-14.395656901155 6.143179861879 -0.475366090621
