# n=34 points in 3D; r^2 = (max squared distance)/(min squared distance) = 8969894235591106132883211/999999999998037626761277 exactly
# x y z per line, each an exact decimal with 12 digits after the point
-4.158414541810 -3.467388661246 -2.532111990075
-5.562799194889 -1.463857799236 -2.389345947160
-5.077289656956 -0.657739494229 -2.051035783392
-3.274081563209 -3.000535692307 -2.530244277165
-3.095398000057 -2.292881435676 -3.319304741879
-2.793608052075 -1.312797765208 -2.829876486072
-3.625088121647 -0.676130478937 -2.987818677982
-4.491806717002 -0.801352029759 -1.253172908794
-4.858560899519 -3.096379101892 -3.142150500871
-5.029791775572 -3.179864792612 -2.134579926656
-2.962089196834 -2.733481100734 -1.618464364881
-3.562519472856 -2.234900802578 -0.993243467976
-4.638899131519 -2.646286886635 -1.380627858278
-5.444433736348 -2.333585659656 -2.868473348833
-3.888175961064 -2.083427652027 -3.891696405914
-4.851919515965 -2.262207186387 -3.693615012338
-3.169084394979 -0.903964041469 -1.998087749522
-4.623041386836 -0.632000294838 -2.941539013429
-2.663940697916 -2.215885304903 -2.420463158353
-5.258314359021 -1.426428615895 -1.437564438115
-5.444011421368 -2.309367558589 -1.868766739257
-3.738497022449 -1.663249310902 -2.874969961554
-4.077894791843 -0.502946716521 -2.113191040720
-3.646996006102 -2.101252369829 -1.980665268299
-4.420077092141 -2.473536927517 -2.494231079579
-2.818832866133 -1.731540432470 -1.559406562784
-3.893123502997 -2.895806948177 -3.308588010317
-4.426053788063 -1.474367851244 -1.989872478745
-4.287517543518 -1.186188636535 -3.703312623166
-3.602738358220 -1.250836563093 -1.166448588642
-3.294407588286 -1.303106462359 -3.695385528879
-3.844315096205 -3.204305269833 -1.619901122219
-4.441037685383 -1.757955878510 -0.966238104380
-4.736545547903 -1.629745621170 -2.927663828505
