# n=47 points in 3D; r^2 = (max squared distance)/(min squared distance) = 11714485759995980408651368/999999999997925480910089 exactly
# x y z per line, each an exact decimal with 12 digits after the point
0.318303714906 -0.540473540641 -4.702032404024
-0.367682903045 -0.616538348060 -6.076287052071
-0.373889112073 -2.794629743783 -5.452086450281
-1.203435156823 -0.265956661323 -6.662071651338
1.575974042737 -1.067475635246 -6.123039059905
0.537515328789 0.077172825913 -5.457319921610
1.017580234711 -2.084782699528 -7.520895815437
0.057687281187 -1.238139422099 -5.418508737500
0.163378656884 -3.029826173704 -6.264511150288
-1.645318836259 -1.113765418373 -6.249496872918
-0.195451535561 0.368509027727 -6.072041641804
-1.255446082005 -0.396487237139 -5.671992547206
1.584466131670 -1.397275705623 -7.067051664697
-0.609908667281 -0.951610394197 -4.731328436735
-1.247205523593 -2.309662521629 -5.405986137844
0.600609368553 -0.850626498706 -6.163538496135
0.373199391344 -0.216437280780 -7.575590194513
0.564689208738 0.246824653196 -6.710304097108
1.160186418227 -0.492770220487 -7.023963938837
-0.669932643023 -1.689847262647 -5.937573445906
-1.503377968652 -2.098597181142 -6.349292610014
0.061476830587 -1.982418416542 -7.795464266268
0.359508393675 -2.355044141366 -4.903389039579
-0.416891555293 -0.098436935536 -5.215930793226
-0.546854016463 -1.947854130022 -4.790679341015
-0.837248267829 -1.545958050350 -7.753090380176
-0.034777197583 -1.013085270724 -8.021580197772
-0.208397358469 -1.978376640612 -6.776463175943
-1.345529205008 -1.320204479511 -5.299660051855
0.926364790280 -1.119842006545 -7.767003925267
1.047620916606 -2.687178212798 -5.776115381005
0.737276312643 -1.448369781031 -4.715684474609
1.626961519759 -2.111704549298 -6.353345428868
-0.807779374471 -0.562361291333 -7.575132520066
-0.377845797580 0.159453395775 -7.032785143438
1.274568813485 -0.114140623063 -6.105510730661
-0.808346509299 -2.817346437191 -6.367479897861
1.312254723956 -1.773958509382 -5.466278776808
0.154025064568 -1.031808992890 -7.039743588129
1.106639389644 -0.731143468200 -5.306579840584
0.232193587881 -2.115315556378 -5.865844828572
0.747248008923 -1.723801344926 -6.628364051671
0.094842292641 -2.812010181095 -7.238091634963
-1.004675649033 -2.395329315809 -7.252554142290
-1.648306187596 -1.543170115795 -7.168131169458
0.977057162345 -2.746095729551 -6.771881158085
-0.802197797235 -1.173798279286 -6.783859080756
